
what articles exist which deal with tss time sharing system an operating system for ibm computers--------------
   1519   1161   1605   1410   1033   1591   1506   1680   2319   2947   1698   2379   1938   2054   3048   1844   1750   1264   1523   3127   1544   3025   2371   2357   2380   1168   2541   1827   1315   2535   3023   2764   1657   1226   1685   1236   1647   1885   2629   2948   2740   2542   1440   2424   1195   1163   2681   2950   2622   2398   2624   2219   1542   2878   2560   1697   1805   3137   2951   2390   2188   1173   1304   2201   2920   1179   2358   1341   2003   1518   2372   1472   1534   2378   2946   2288   2917   2500   2632   1753   2153   3068   1747   2370   1571   1034   3089   2536   2796   2344   1225   2184   3153   2519   2841   2621   2317   1923   1408   1755
i am interested in articles written either by prieve or udo pooch prieve b pooch u--------------
   3059   3078   1931   1588   3028   1974   1530   1519   2039   1012   1727   1569   2905   1821   3057   2449   2845   3072   2916   2100   2786   2897   2448   2713   2434   1166   1343   2971   1057   1301   2473   2177   1062   1582   1881   1378   1764   1371   1574   1575   2381   1407   1579   1606   1450   1584   2219   1943   1732   2534   1850   1824   1580   1585   2199   1895   2968   2762   2520   3088   2157   2915   3020   2729   2392   1634   1563   2642   1583   2395   1373   2051   1581   2756   1676   2031   2714   1281   2337   1473   1258   2568   1674   1164   2311   1495   2486   2984   2771   1400   3056   1181   1622   1190   1735   2731   2572   2666   2801   1165
intermediate languages used in construction of multi-targeted compilers tcoll--------------
   2921   2112   2579   1723   2061   2886   2411   3102   3115   3099   2939   2551   2658   1852   1835   3130   1402   3171   1457   2254   1533   2495   1134   1783   1135   2873   3124   2542   1807   3093   1387   2316   3030   1350   2587   1459   1313   2659   2603   3105   1003   2066   2449   2684   2064   1923   2423   1456   1788   2867   2718   2470   1309   2558   2295   1154   2990   2372   1671   2439   2705   2843   2210   2424   1162   2572   1988   1572   1062   2534   1658   1348   1098   1466   2746   2661   2897   2871   1194   1678   1869   1947   2929   1029   2904   2652   1703   2305   1314   2406   1366   2138   3151   3077   1696   3177   2877   1565   1484   2710
i m interested in mechanisms for communicating between disjoint processes possibly but not exclusively in a distributed environment i would rather see descriptions of complete mechanisms with or without implementations as opposed to theoretical work on the abstract problem remote procedure calls and message-passing are examples of my interests--------------
   1588   3059   1378   1575   2448   1371   1727   1530   3028   1850   1606   1407   1519   2905   2473   1974   2199   1931   1569   1373   3020   1343   2845   2713   3057   3072   2100   1824   2449   2916   2381   1301   1881   1895   1062   1450   1732   1057   1943   3088   1582   1584   2157   1190   1574   1166   2762   1579   2915   2177   1580   1585   1622   2897   2520   2642   1821   2039   2666   1764   1583   2729   1581   2219   1159   2395   2714   2392   2534   2971   2337   1563   2731   2756   2051   2968   3056   1165   1012   2486   1164   1473   2031   2536   1400   2906   2568   1495   1281   1735   1181   2895   2631   3188   2786   1676   2606   2684   2311   1551
i d like papers on design and implementation of editing interfaces window-managers command interpreters etc the essential issues are human interface design with views on improvements to user efficiency effectiveness and satisfaction--------------
   3059   3028   2449   1588   1519   1974   1582   1378   1574   1575   1530   1371   1407   1579   1584   2473   1580   1585   1881   1895   1764   1606   1821   2039   1727   1301   1931   2916   2520   2713   1583   2897   1373   1581   1569   2392   2642   1824   2971   3072   2905   2845   2786   1343   1057   3020   3057   2100   2729   2381   2448   2145   1190   3088   2534   1450   2199   1732   2051   1164   2629   2756   1159   1281   2157   1850   2956   2762   1165   2915   2219   2968   1943   3050   1181   1166   2177   2731   1622   1062   2337   2771   2646   2572   2395   1563   2380   2486   2031   2666   1735   1551   2705   1012   1258   1400   2536   2568   2895   2311
interested in articles on robotics motion planning particularly the geometric and combinatorial aspects we are not interested in the dynamics of arm motion--------------
   2826   1543   1867   1014   2828   1623   1397   1664   2721   2931   1365   1341   2230   2176   1009   1234   2389   3198   2753   1634   1385   1698   2873   2671   2486   2622   1621   2572   1885   3035   3156   3172   1148   2496   2887   2078   2485   2406   3135   2900   3125   3132   1846   1930   1199   2610   2705   1433   2187   2144   2712   1443   2519   1456   1711   3117   1404   1348   2810   2707   1362   2769   2582   3040   3158   1046   2918   2231   1262   1267   2046   2836   1413   3033   1948   1928   1978   1458   1325   1750   2502   2975   2890   2750   3034   2923   1001   1116   3099   2022   2314   2526   2886   1727   2949   1847   1145   3069   2943   3183
i am interested in distributed algorithms concurrent programs in which processes communicate and synchronize by using message passing areas of particular interest include fault-tolerance and techniques for understanding the correctness of these algorithms--------------
   3059   3028   1588   2905   1931   1974   1530   1569   1727   2449   2520   2897   1373   3057   3072   2100   2916   2448   1343   2845   1057   1301   1166   2473   1582   1551   1378   1881   1574   1575   2381   2337   2968   1407   1579   1606   1824   2713   1584   1850   1580   1585   2199   1895   2915   2157   3020   1371   2657   1450   2039   1732   2219   2051   3088   2819   1943   1821   1181   2729   1764   1583   2762   1563   2402   2395   1581   2568   1062   2642   1164   1519   2392   1281   2771   2646   2534   1400   2984   2895   2971   1886   1012   2756   2031   1676   1924   1458   2177   3056   2744   2606   1622   1473   1190   1495   2786   2801   1735   2486
addressing schemes for resources in networks resource addressing in network operating systems--------------
   2625   2951   2371   3032   2541   2858   1869   2194   1677   2500   2776   1611   2830   2892   1685   2949   2860   2991   3083   1752   2197   3126   2499   1928   1695   2522   2501   2515   2920   3158   3040   2258   1261   2219   1754   2020   1723   2614   2482   2969   1877   1505   1879   3110   2485   3133   2358   2890   3053   2543   3088   2437   2988   2900   3072   2274   1890   2905   2712   3117   2128   2109   1785   2203   3059   1680   2681   1811   3070   1751   2894   2181   1989   1688   3076   1687   2088   1846   2568   2597   1690   2080   2033   2379   1938   2297   1735   3127   1591   2095   2320   2450   2228   2630   3092   2327   2377   2198   2578   2141
security considerations in local networks network operating systems and distributed systems--------------
   2949   2951   2849   1928   2372   3068   2578   1695   2621   3158   2776   2371   1685   3082   2988   1750   3076   3137   1745   3141   2197   3174   2969   1747   1808   1811   3011   2515   2198   1261   1844   2890   2614   1846   2900   3070   1461   3133   2870   3059   3040   2151   3128   1978   2424   2581   2522   3032   3127   1723   2111   3025   1247   3026   2624   3182   2311   2069   2406   2950   1951   3181   2892   3111   1341   2138   2622   1959   1611   1680   2479   2358   2948   1032   1226   2812   1324   2985   3028   2567   2840   2882   3150   2712   2407   3148   2188   2741   1071   2867   1912   1728   1196   2345   2137   2317   2036   2320   2852   3177
parallel languages languages for parallel computation--------------
   2785   2700   2514   2714   2266   1262   2973   1795   1747   2685   3075   1158   3059   2895   3156   2401   1302   2316   2851   2896   1828   2342   2195   2557   2175   2570   1601   2705   1703   1569   2603   3073   1459   1536   2865   2433   1846   2295   1098   2182   1366   1923   1852   2305   2406   1678   2814   1008   3044   1468   2727   2289   2254   3150   1554   1485   2782   1835   1341   2080   1466   2661   3148   2645   1457   3175   2265   2873   1142   2740   2084   2317   3077   2710   2114   2838   2699   1911   2112   1309   2647   2470   3105   2956   1325   2515   2931   1470   3171   1163   2148   1135   2717   1769   1603   1306   2898   1216   2886   2967
setl very high level languages--------------
   2699   2906   1923   2717   3171   2527   3148   2716   3150   2316   2198   1872   2246   1903   3077   1627   2081   2320   2705   1835   3080   2003   2787   2091   2873   2826   2593   1861   2317   2898   1769   3185   3057   2542   1642   2398   1472   1145   1179   1710   2034   1676   2922   3041   3101   2897   1552   1703   2603   2651   1459   2295   1098   1425   3123   1366   3130   1852   2867   2305   1115   2406   1678   2621   1183   2814   1073   2887   2782   2254   2076   1143   1485   1475   1908   1466   2880   2661   2493   2219   1610   1643   2526   2843   2645   1182   3058   1457   1142   3119   1113   2084   1046   1188   1553   1871   2002   1720   2928   2710
portable operating systems--------------
   3127   2246   1930   3068   1461   1750   3196   1680   2372   1247   2069   3025   2621   2950   2424   1747   2740   2111   1462   1923   3141   2320   2867   2151   2482   2522   2624   3026   1728   1226   2840   1236   2379   2317   2629   3174   3028   3137   2597   2378   2319   2080   1951   2036   1752   2184   1324   2138   1591   2541   2297   1472   2358   2622   2920   1755   2357   3050   2796   2632   2777   1519   2535   1069   2283   1892   2542   2219   1534   2536   1517   2868   2849   1264   1751   2625   2311   3002   1810   1647   2972   2374   1698   1657   1735   1341   1959   2479   3014   3105   2582   2985   2812   1844   3150   2407   2567   1071   2882   1912
code optimization for space efficiency--------------
   1947   1795   2897   2495   2748   2680   1886   2491   2904   2944   3080   2253   1195   2559   3171   2537   1651   1564   2033   2701   2464   2423   3054   3005   2929   2835   2716   1362   1655   2858   2711   1807   2433   1652   1756   3129   2745   2892   1231   1235   2078   2344   2611   2836   2389   3083   3066   1757   2533   1369   2834   1465   1670   2524   1066   2508   2964   2645   1289   1064   1414   2722   1676   2616   1275   2816   2133   2374   1187   2569   1331   2950   1065   1542   1232   2586   3173   1204   1708   2230   3134   3175   3018   3125   2290   2812   2498   2195   1901   2359   2856   3064   2801   3110   2249   2734   2411   1735   1290   3154
find all discussions of optimal implementations of sort algorithms for database management applications--------------
   3132   3131   3164   2674   2976   3017   2964   2679   3058   2716   2348   2819   3037   3087   2890   2816   2397   2563   3112   3057   2289   1752   2263   2174   2577   2863   1191   2900   1886   3033   1873   2586   2797   3067   2902   3156   3085   3075   2495   1961   2973   3011   2142   2689   3032   2181   2957   2750   2627   2069   2583   1831   1412   2997   2812   2959   1724   1796   2337   1999   2324   2007   2257   2146   1660   1952   3177   1342   2944   2856   2345   2830   1953   2748   3151   2593   2450   2924   2817   2882   3163   2272   2876   2266   2106   2834   2362   2691   3189   1619   1197   2308   1905   2833   2505   2906   2406   3169   1594   3103
find all discussions of horizontal microcode optimization with special emphasis on optimization of loops and global optimization--------------
   2464   2835   2344   3125   2495   2611   1231   2836   2904   2616   2929   2680   2877   2195   2964   2133   1795   1676   2897   2944   2290   1807   2701   2953   2537   3080   2253   3018   1195   1947   2716   3054   2812   2411   2000   2579   2321   3020   3069   2923   1564   2969   2134   1658   2433   2142   2423   2570   1886   2883   2903   2388   1974   2188   1410   2699   2858   1719   3002   2715   2451   1951   2015   2314   2722   3053   1223   3132   3029   2174   1750   2940   1502   1183   1710   3157   1755   2068   1197   1146   3166   3156   1965   2851   1461   2774   2065   2079   1301   2503   1005   1702   1642   1435   1187   2827   1072   2304   2258   1096
find all descriptions of file handling in operating systems based on multiple processes and message passing--------------
   3141   1135   1750   2378   2184   3157   2522   2688   2629   1846   2622   2266   2949   2160   2890   2740   2320   2217   2080   3127   1199   1032   2750   2950   2947   1677   2424   3002   1514   1003   3132   1844   2002   1854   1461   3026   2339   1226   2307   2174   1698   2288   2524   2542   1753   1747   2379   3021   2376   2931   1264   1462   2833   3023   2439   2801   2069   3081   3119   1962   2535   1680   1928   1534   2920   1197   3039   1961   2421   2795   1517   1976   2819   1066   1959   3134   3148   2357   1349   1519   2680   2582   2342   1752   1713   3160   2777   1736   1748   1072   1922   2519   3037   2372   2482   2317   2188   3049   2966   3068
optimization of intermediate and machine code--------------
   1658   2495   2253   1795   2491   2897   2748   1947   2904   3080   1134   1676   3005   2464   1223   3171   1564   1655   1154   2701   3054   1886   2423   1756   2929   1523   2533   2611   2944   2835   1362   1757   1807   2858   1231   2433   1402   1652   1289   1064   1414   1187   2133   1204   2586   3066   1670   2290   2836   2344   2079   3115   2834   2527   1783   2964   1389   2138   1016   1066   2624   2968   1275   2616   1992   1232   2680   2106   1065   1665   1162   1651   3173   1852   3175   2919   1331   1619   3125   1167   3018   1542   3196   2537   2979   2801   1726   2871   3130   2746   2107   3150   1062   2411   1922   1868   2812   2888   2716   2195
languages and compilers for parallel processors especially highly horizontal microcoded machines code compaction--------------
   2897   1795   3110   2495   3066   2138   2714   3175   1362   2748   2491   1655   3156   2423   1852   3075   1652   2904   1756   3005   3171   2175   3080   2064   2533   2834   2685   2266   1757   2253   2112   1665   1670   2433   1066   1811   2921   1947   1289   1064   1414   1275   1923   1187   3173   2896   1232   1331   1065   2586   1204   1651   2570   2706   1886   1163   1389   2785   1807   2692   2929   3150   2801   1564   1159   2497   2701   2989   2644   1988   2567   1290   1992   2740   2298   1425   1223   1345   1523   2886   2888   3127   1824   2411   2651   1154   2621   3148   2107   2717   2514   1165   1099   1603   2185   1551   2289   1088   1262   1770
parallel algorithms--------------
   2973   3075   2266   3156   2557   2570   2289   2433   2714   1262   1601   2700   2685   1158   2114   2838   2692   2785   2401   1302   3059   1468   2896   1795   1828   2895   2342   2195   2175   2851   1957   1569   2865   1846   2950   2884   1747   2226   2283   2182   3166   2903   1658   1796   2627   2819   2146   1873   1551   3044   2490   1008   2514   2727   1924   2767   2997   1554   1529   2325   2674   1341   2902   2080   2007   2904   1660   1952   2273   1342   2272   3006   2263   1374   3151   2267   2725   3175   2830   1851   1953   2740   3132   2630   2953   2936   1536   2942   2426   2863   2389   3061   1171   2324   2832   2454   2236   3055   2520   2094
graph theoretic algorithms applicable to sparse matrices--------------
   2695   2769   2986   2780   2490   2630   2368   2289   2199   2484   1457   3152   2506   3176   2081   3018   2442   2877   3156   2405   2883   3139   3124   2177   1504   1047   2805   1924   2172   2905   1963   2290   2142   1423   3040   2273   2134   2752   1847   1961   2557   2430   3115   1707   1876   2052   2758   1886   2554   2335   2619   2980   2806   2133   1501   2189   2216   1481   2461   3085   3094   2790   3164   2766   1983   2161   1116   2778   1822   2697   2444   2803   1791   2281   1151   2284   2015   1563   2701   2763   1347   1727   2059   2950   2787   2226   2934   2568   2488   2178   2283   2884   1802   2903   1796   1587   1153   2627   2819   1432
computational complexity intractability class-complete reductions algorithms and efficiency--------------
   2337   3086   2997   2837   2932   2927   2743   2325   2950   3018   3131   2706   1309   3162   2702   2226   2454   2936   2703   1658   2216   2903   3151   2828   1619   2953   3166   2645   3055   3163   2784   2749   1659   3110   3032   3070   2986   2033   2110   3037   3040   2499   2289   3007   2771   2892   2746   1886   2365   1465   2938   2766   2508   2916   3165   2679   2035   2504   2665   1404   1899   1957   2628   2569   2524   1462   2884   1708   2251   1350   2283   2092   3150   2457   2882   1796   2627   2819   3064   2327   2146   3010   1873   1551   3154   2490   1650   1735   1924   1947   2767   1529   2931   1035   2780   2674   1429   2902   1612   1572
i am interested in hidden-line and hidden-surface algorithms for cylinders toroids spheres and cones this is a rather specialized topic in computer graphics--------------
   3059   1588   3028   1974   2845   1530   1727   2473   1569   1931   2905   2100   1343   2713   2448   1850   1378   3088   2520   1371   1575   2381   1450   1881   2449   3072   1732   3057   1606   1895   1943   2762   2916   1373   2157   2642   1824   1057   1301   1582   3020   2897   1574   1407   2915   1579   1166   1584   1764   1580   1585   2199   2039   1821   1181   2395   2337   1735   2219   2968   2486   2392   1563   1583   1281   1519   1400   2971   1581   2534   1551   1159   1473   1190   2731   1164   1062   2568   2051   2756   2031   2729   1012   1495   2984   3056   2177   1165   2311   1622   2786   2771   2744   1676   2819   3188   1634   2666   1258   2692
distributed computing structures and algorithms--------------
   3137   2849   3148   1745   2276   2081   1873   2578   2949   1411   2406   3082   2832   3043   3141   3124   2630   2433   2890   3166   3086   2454   2130   3025   1780   2834   2963   2999   1862   2216   2197   2169   2766   3011   3032   2883   2816   1525   3035   2484   2114   2665   3156   1810   2838   1946   3090   1889   2709   3037   2371   2092   2810   2402   1153   2975   2926   2314   3158   1431   1224   3164   2594   2311   2900   1831   2032   2822   2780   2828   2969   3165   3128   2357   1349   2950   1010   1423   2884   2198   2283   2226   3084   2954   2903   2951   2615   1658   1275   2743   3058   2078   1796   2627   3008   2819   2146   2524   1438   1551
applied stochastic processes--------------
   1696   1410   3043   1194   3120   2882   2342   3141   1540   2371   2740   1435   2376   2320   1846   2672   2255   2504   3078   1441   2742   1235   2378   1748   2920   2535   3128   1272   3039   1438   3020   1135   2912   1753   1563   2705   1673   2409   2228   1110   2327   1587   1233   2767   2210   1886   2848   2080   1382   1383   1631   2836   1199   1008   2931   1541   1749   1554   2895   1707   1809   2900   2953   2581   3056   2519   2185   2844   2062   2150   3140   1518   2019   2000   2268   1892   1637   2555   2383   1180   2811   2523   3073   3127   2307   1308   2580   1458   2826   1948   1678   2522   3013   1216   1925   1359   1911   1385   2903   1625
performance evaluation and modelling of computer systems--------------
   2318   1938   3089   2542   2984   2268   2812   1653   3136   3119   2990   2634   3048   2894   1908   2951   2882   2988   3070   2522   2852   2535   2741   1719   2298   2319   2798   1827   1267   1032   2151   2375   3028   2344   2892   3072   1518   2571   1792   1030   1750   2452   1699   3091   1931   1347   2106   3088   1805   2859   2048   2849   1374   2711   2818   2017   1689   1940   2967   1728   2512   3169   1798   1995   2332   2016   2336   1071   1620   3153   2069   2553   2217   3026   2502   1844   2262   2936   1341   1747   2765   2479   2624   3044   2886   2437   2976   2985   2669   1529   1177   1671   2712   1196   1951   1415   2902   1572   3035   1128
concurrency control mechanisms in operating systems--------------
   2626   1750   1677   2939   2372   3105   1680   2840   2314   2870   3128   3026   3068   1591   2320   2377   2938   1747   2632   2541   2036   2578   2878   1476   1461   2936   2080   1290   2321   1534   1247   1341   2985   2849   2876   2621   2950   2817   3183   3025   3050   2424   2069   2949   3141   3127   3011   3153   2821   1636   2844   2111   1264   1844   2867   2742   2151   2020   2558   2522   1236   1754   1728   2317   2740   1033   3028   2721   2624   1226   2438   1462   1923   1962   2379   2629   2184   3137   2482   1951   2378   3072   1485   1922   2597   2888   1199   3014   2319   2767   1752   2297   2366   3174   2138   2826   3064   3154   2622   2358
memory management aspects of operating systems--------------
   2069   2297   1752   2988   2902   2406   2372   2358   1750   2740   3000   2577   1753   3006   3011   3026   2311   1892   2319   1461   2864   3028   2669   2583   2798   2852   2689   2624   3050   2479   2502   1959   2262   2481   3068   2867   2357   1728   1901   2681   1747   2818   3067   2374   2345   2379   2859   1725   2967   1657   2622   2582   1680   3092   2198   2378   1924   2314   2985   2668   1923   2106   2868   1247   1912   3177   3142   1541   1456   1810   1845   2407   2621   3025   1751   3127   3153   2365   2500   1267   1708   1698   2950   1409   2424   1462   2111   2625   2593   2840   3090   2320   2163   2482   3141   2812   2151   2181   2629   2918
any information on packet radio networks of particular interest are algorithms for packet routing and for dealing with changes in network topography i am not interested in the hardware used in the network--------------
   3059   3032   2949   2568   1890   2892   1695   1588   2890   1530   1974   1931   2905   1727   3028   2916   1569   1685   2449   3072   3158   2849   2776   2515   2897   2951   1165   2845   3088   1824   1166   1301   1850   2197   2713   1062   3057   1622   2371   3020   2968   1551   2100   1343   1057   1764   2448   2381   1407   1582   1159   1378   1574   1575   2473   2395   1458   1579   1881   2520   2572   2219   1371   3056   1584   3040   1181   1606   1580   1585   2199   2177   1563   1450   1928   1895   2157   1732   2642   1373   2744   2039   1519   2915   2051   2311   2971   1821   2762   2337   1012   1473   1164   2729   2786   2031   2274   1943   2534   1906
number-theoretic algorithms especially involving prime number series sieves and chinese remainder theorem--------------
   2644   1933   2200   3131   1840   2089   2927   2229   1539   1874   2462   1725   1841   1420   3021   1538   2206   2507   1537   1967   2031   1691   1257   1171   2276   2490   2402   2605   2306   1924   1697   2289   1679   2146   2770   3141   1710   2283   2948   3037   2267   2794   1385   2208   3166   2606   3164   2767   1717   2167   3027   2087   3055   2555   1504   1812   1930   2325   1783   3118   2334   2963   1609   2936   2544   2837   1862   2447   1433   2648   1099   2122   2114   1674   1094   1497   2525   2694   3171   1386   3018   3115   1879   1780   2657   2057   2142   1794   1894   2924   3079   2410   2515   1716   3036   1259   2726   1550   1631   2695
articles on text formatting systems including what you see is what you get systems examples t nroff scribe bravo--------------
   3142   2907   1012   2583   1097   2418   1364   2729   2375   1702   2564   2637   1055   1437   2382   2791   2993   2235   1799   2585   1517   2678   1435   1687   2088   3065   2661   2399   2223   2027   3088   1340   2615   1161   3057   1690   2743   1763   2801   1107   2427   2966   2876   2373   1816   1586   1304   2489   1152   1295   1889   2812   2987   3025   2415   1351   2706   2570   1136   2447   2398   1163   1274   1415   2649   1073   2922   3150   2990   2130   1935   2955   2343   2466   2980   2258   2604   1153   2822   1870   2487   2344   1717   1211   1034   1440   1099   2185   2360   1147   2973   1409   2670   1707   1257   1398   1933   2785   1445   2572
i d like to find articles describing the use of singular value decomposition in digital image processing applications include finding approximations to the original image and restoring images that are subject to noise an article on the subject is h andrews and c patterson outer product expansions and their uses in digital image processing american mathematical andrews h patterson c--------------
   1378   1575   1371   1407   1606   2520   1373   3059   1588   1495   1727   2534   2971   2729   1190   2663   2993   2051   2449   1281   2657   1974   1519   1931   1582   1530   1824   1574   1579   3057   2473   1580   1585   1881   1895   3047   3028   2219   1584   1821   2642   3020   1144   2039   2571   1686   2065   2905   2973   3199   1764   2771   2916   1583   3088   2283   2031   2370   1581   2689   1569   2421   2392   1695   2788   1301   3072   3125   1180   1492   2713   1451   1091   2614   1166   1039   2142   1534   2504   2845   3015   2826   1146   2177   1343   1327   1057   1687   2088   2897   2850   1168   2402   2515   1891   1850   2125   2100   1563   2787
i d like to find articles describing graph algorithms that are based on the eigenvalue decomposition or singular value decomposition of the ajacency matrix for the graph i m especially interested in any heuristic algorithms for graph coloring and graph isomorphism using this method--------------
   2177   3059   1727   1563   1588   1378   1575   1371   1407   1519   2473   2568   1373   1606   1530   3028   1974   2449   2905   1582   1931   1574   2520   2199   1569   1579   1881   3057   2448   1584   1821   1580   1585   2039   1895   1850   1847   1824   2845   1301   3072   1343   1057   2392   2713   1583   3125   2916   2100   2381   2642   1581   1450   1062   2897   1732   1190   3020   1166   2368   2157   3088   2971   2051   2762   1764   2337   1943   2915   2729   2646   3139   2968   2771   2219   2534   1622   2756   2395   1181   2819   2786   2031   2666   1551   1164   2484   1012   1159   1281   3056   2606   2731   1400   2906   1473   2402   2311   1735   2630
articles about the sensitivity of the eigenvalue decomposition of real matrices in particular zero-one matrices i m especially interested in the separation of eigenspaces corresponding to distinct eigenvalues articles on the subject c davis and w kahn the rotation of eigenvectors by a permutation siam j numerical analysis vol 7 no 1 1970 g stewart error bounds for approximate invariant subspaces of closed linear operators siam j numerical analysis vol 8 no 4 1971 davis c kahn w stewart g--------------
   1378   1575   1606   1371   1407   1373   2284   1190   2660   2729   2520   2381   2473   1495   2157   1881   2534   1301   1298   3059   2448   1895   1229   1727   2199   1174   2177   1588   2449   1982   1990   2224   1203   1018   2657   1281   1202   1021   1372   1310   2100   2635   2041   1189   2791   1343   2133   2331   2392   1850   1974   2554   2040   2425   2971   1732   1078   2219   2760   2432   1530   2975   1513   2414   2067   1837   1921   2910   1579   2352   2713   2906   1075   2850   1492   1764   2515   1451   1917   2731   2563   1091   1832   2666   1450   2278   1580   1057   2614   1582   1350   3125   3028   2968   1574   1729   2845   2575   2205   1668
currently interested in isolation of root of polynomial there is an old more recent material heindel l--------------
   2660   1867   2135   2615   1812   2600   1074   1311   1666   1377   1513   2774   2213   2397   2503   2593   1562   2854   1596   1560   2056   2089   2240   2602   2644   1022   1814   2009   2589   2464   1815   2743   2334   2068   1319   2641   2677   2071   2779   1573   2266   2408   1857   2173   1043   1259   2749   1269   1633   2122   2159   1510   1623   1797   1243   2636   2324   1831   2415   1128   1480   2657   2706   2260   2550   3159   2280   1569   1152   1418   2295   1873   2773   1093   2309   1875   2520   1858   2143   2077   2581   2372   1931   1438   1932   2303   3127   2194   1346   1621   1717   1363   2001   3018   2754   2648   1483   2345   1696   1489
probabilistic algorithms especially those dealing with algebraic and symbolic manipulation some examples rabiin probabilistic algorithm on finite field siam waztch probabilistic testing of polynomial identities siam rabin m--------------
   2932   2836   1474   3175   2681   2580   2560   2516   1935   2090   2437   1121   2096   3007   2144   2714   1210   2231   1020   2199   2266   1696   2385   1372   2790   2225   1505   1611   2073   2430   1999   2660   1644   2399   1428   1038   2236   2884   2959   2921   1624   1851   2165   1547   1056   1094   1124   1203   1018   1283   1297   1300   1253   1202   1229   2256   1021   1079   1562   2564   2637   2878   1042   1055   2462   1163   1178   1378   1596   2647   1575   1595   2567   2635   2988   1407   1403   2405   1255   1305   1189   2468   2473   1789   1334   1512   1329   2554   1371   1918   2780   2098   1261   2758   2953   1606   1842   2234   2535   2432
fast algorithm for context-free language recognition or parsing--------------
   2476   2112   2794   2836   1527   1309   2739   2030   2492   2811   2215   2980   2110   2786   2310   1350   1519   1162   1768   2754   2084   1272   3132   1399   2402   1012   2439   2195   2581   3198   1035   1315   2301   3138   2423   1962   2061   2733   1818   2421   2194   1184   1589   2703   1264   2246   1265   1988   2644   1470   1855   2994   1152   1590   1483   1455   1216   2059   1307   1488   1287   3056   2698   1700   3158   1454   3113   3196   1650   2771   1145   3034   1999   1413   1588   2484   1259   2643   1856   2906   1665   3135   1255   2986   1612   1166   1554   2514   2078   2267   3100   1747   2050   1975   2702   1257   2971   2900   2265   2368
articles describing the relationship between data types and concurrency e g what is the type of a process when is a synchronization attempt between two processes type correct in a message-passing system is there any notion of the types of messages i e any way to check that the sender of the message and the receiver are both treating the bit stream as some particular type--------------
   1996   2743   2677   1104   2237   1296   2026   2238   1005   2613   2442   2968   2486   1022   1321   1778   2814   2022   2422   2935   2239   2578   2763   1872   2394   2122   1636   2533   2429   2549   1213   1903   2508   2057   1101   2861   2553   2265   1495   2123   1418   1619   2328   2539   2048   2735   2798   1330   2573   1138   2941   2411   2900   2077   1135   3186   3031   3125   2850   2447   2349   1831   1735   2701   2290   3169   2624   1432   1069   2982   1338   3039   2490   2775   2458   2440   2705   1766   1304   1722   2527   1280   1434   1924   2141   1474   3056   2400   1792   2700   1951   2752   2244   2243   2241   2242   2410   2399   1113   1397
what is the type of a module i don t want the entire literature on abstract data types here but i m not sure how to phrase this to avoid it i m interested in questions about how one can check that a module matches contexts in which it is used --------------
   3057   2729   1588   3059   1012   3088   1166   1974   1727   1378   1575   1371   3028   2448   2993   1931   1850   1530   1606   2801   2713   2905   1569   1343   1407   1373   2845   3020   2971   2100   2473   2199   2381   1450   1732   1519   1881   1895   1824   2534   1301   2157   2762   1890   3072   2449   2145   1676   1943   2916   2520   1057   2897   1582   1574   1190   1579   2642   1584   1580   1585   2375   2915   1062   1821   2039   2657   2219   2731   1674   2820   1159   1583   2177   1764   1581   1622   2666   2392   1400   2568   2395   1165   2051   2536   1164   2337   1181   2756   2968   1563   1055   2705   1281   2564   2637   2486   1473   2031   1735
what does type compatibility mean in languages that allow programmer defined types you might want to restrict this to extensible languages that allow definition of abstract data types or programmer-supplied definitions of operators like   --------------
   2651   2940   2265   3105   2956   3103   2957   1861   2958   2470   2078   2931   3031   2254   2705   2941   2939   2082   2785   1835   2406   2699   3101   2937   1703   1783   2527   1470   1902   1678   1002   3142   1210   2717   1589   2051   2002   1426   2201   2305   1262   1923   1282   2906   2341   3185   2815   2684   2084   2898   2794   1213   1098   1112   2843   2138   1469   2886   3198   3171   3066   2264   1459   1911   2603   1989   1379   1162   1390   3071   2810   1869   1625   2558   2289   2314   2919   2722   1200   2873   2389   2106   1852   2178   1398   1366   1588   3002   1602   1474   1693   3097   2887   1457   3150   2299   2081   1614   1309   1035
list all articles dealing with data types in the following languages that are referenced frequently in papers on the above languages e g catch any languages with interesting type structures that i might have missed--------------
   2968   1135   2705   2798   1588   1495   2486   2406   2265   2051   2148   2814   2900   1847   3125   2316   1735   2850   2956   2624   2905   1612   1924   1104   1674   2177   1676   1764   2700   2411   1069   1350   3185   3056   1721   1890   2381   1937   2941   1066   1974   2906   1996   2449   2701   2473   1881   2646   1769   2442   2157   2141   2743   1457   2714   1138   2631   1397   2915   2536   1931   2677   1463   1280   1654   1722   2692   1098   1636   1164   1824   2323   2392   1728   2402   1434   1886   3059   2834   3066   1638   2627   1906   2657   2916   1236   3039   1530   2032   1410   2142   1166   2031   1366   2048   1474   2897   2310   1142   2935
theory of distributed systems and databases subtopics of special interest include reliability and fault-tolerance in distributed systems atomicity distributed transactions synchronization algorithms resource allocation lower bounds and models for asynchronous parallel systems also theory of communicating processes and protocols p box 2158 yale station new haven conn 06520--------------
   2578   3082   3043   3137   2849   3148   3128   3141   2949   1780   2371   2276   2969   2406   2128   1153   1745   2995   2522   2816   2900   1341   1996   2476   1747   2926   2158   3026   2236   2596   1948   2890   1951   3084   1967   2323   2290   2151   2777   2080   2624   3072   2345   1959   2320   2454   2583   2069   2165   2373   1006   3124   2616   2030   2407   2714   1409   1978   2818   1461   2198   1928   2479   3119   1911   3076   2950   2268   3089   2738   2262   2020   2988   2750   2577   3025   1924   2697   2689   2111   1097   2015   2216   2342   1247   1489   3153   2741   2311   1572   2852   1935   3150   2504   3136   2346   3078   2985   1158   2482
computer performance evaluation techniques using pattern recognition and clustering la 70803--------------
   2641   2215   2402   2019   2811   1726   2370   2318   1653   2232   2894   2980   2542   3089   2984   2231   2054   3132   2494   2310   2829   2910   2788   2437   2849   2990   1938   3048   3149   2991   3070   1908   2711   2268   1931   3135   3078   3091   2561   2720   2344   2113   2634   2319   2400   2746   3119   1870   1030   2903   2401   1427   2812   1805   2883   3136   2789   1827   2882   1534   1170   2892   2258   3013   2571   2862   1792   2375   2716   2902   2451   2575   2528   1543   2535   1915   2942   2452   2798   2951   2545   2287   2529   1527   1526   1435   2871   2974   2669   3072   2859   2683   2988   3001   1335   2973   1642   2048   1399   1855
analysis and perception of shape by humans and computers shape descriptions shape recognition by computer two-dimensional shapes measures of circularity shape matching--------------
   2569   3107   2754   2771   2847   3046   3125   3098   2455   2883   2829   2341   1528   2113   3149   1260   1272   1399   1553   2402   3100   2703   2339   1769   2924   2232   2303   1590   1427   2910   3197   2308   2069   2811   2494   1726   2054   3078   1808   2947   2903   2556   2966   3165   3049   2746   1764   2812   2880   2262   2215   2289   3047   1404   2447   3057   2788   1003   2287   2580   2030   1517   2367   1844   2815   1796   1771   2988   1381   1855   2657   1543   2310   1619   2370   2999   1518   2871   2062   2153   2523   3011   1350   2194   2201   3055   2560   2849   1307   1931   2547   1660   1952   1706   3117   1664   2253   1868   1045   1078
texture analysis by computer digitized texture analysis texture synthesis perception of texture--------------
   2829   2523   2494   2825   1404   1002   1679   1260   2325   1809   1855   1732   1823   1801   2812   2050   1782   1780   1802   1507   2286   2923   3149   1045   1435   2871   1917   2877   1837   1921   2310   1916   2947   2701   2719   1709   1668   1034   1669   1989   2798   1014   2437   1325   2634   2447   3055   1424   1529   2739   2835   2735   1637   1272   3069   1104   1632   1911   2176   2831   2811   1003   2671   2113   2944   1885   1365   2062   1605   2560   3078   2937   1623   1930   2820   1653   2446   2605   1650   1683   3086   3194   2643   2999   2819   2407   1423   2505   1792   2308   2125   2025   1482   2970   2837   3094   2226   2221   1271   3135
the use of operations research models to optimize information system performance this includes fine tuning decisions such as secondary index selection file reorganization and distributed databases--------------
   2452   1976   2969   2816   2765   2988   2114   2957   2926   3136   2631   1267   1194   3002   2318   2359   1412   3181   2437   2375   2949   1652   2978   1519   2951   1680   2812   2680   1534   1908   3134   1456   2542   2484   1226   3137   3012   2593   2862   3089   2526   3028   3017   2493   2849   2669   3070   3103   1032   2634   2140   1700   1272   3058   2984   3129   2991   1653   2253   2307   1271   1066   1651   2750   1916   3152   2860   1695   2406   3090   2064   2324   2859   1938   1745   2976   1765   1135   2977   1515   2451   2514   2274   2846   3082   1236   2888   1699   3059   2979   2258   3128   2946   1719   3011   2319   2226   3047   2892   2742
the application of fuzzy subset theory to clustering and information retrieval problems this includes performance evaluation and automatic indexing considerations--------------
   2990   2711   1032   1457   2631   2307   2542   1653   1236   2451   2984   1267   2882   2217   2140   1699   2561   1675   3169   2575   1948   1627   2976   2568   2959   1652   1415   1272   2265   3089   2454   1926   3168   2318   1976   1938   1290   2437   2835   1194   2991   3134   1516   2278   1048   1108   2288   2699   1651   2258   2812   2268   2641   1911   2094   2346   1792   2050   1935   2327   1681   2484   1934   2139   1173   2598   2577   2669   1830   2518   1827   2965   1087   2722   2253   3048   1412   1398   2389   2789   2070   1527   1621   3012   1858   2516   1769   2494   1931   3059   1029   2592   2571   2923   1927   1266   3041   2906   1506   2951
the use of bayesian decision models to optimize information retrieval system performance this includes stopping rules to determine when a user should cease scanning the output of a retrieval search--------------
   2278   2976   2293   2157   2394   1194   2575   1699   3168   2288   3012   2965   1236   2258   2990   2882   2516   3134   3088   1923   3011   2070   1032   1680   3086   2832   1652   1457   2631   1830   2235   1937   1994   2722   2140   1653   1725   2999   2711   1681   2781   1506   1715   1814   2114   2307   1815   2532   1831   2691   1276   1808   3119   2577   1935   1359   1210   2947   2412   2991   2141   3169   2221   2974   2743   2381   2014   2048   1372   2092   2533   1960   2561   1213   1976   1514   2552   2902   1711   1734   1464   1518   1971   1970   1769   1880   2866   1655   2493   1271   1289   1064   1414   1508   1063   1085   1490   1773   1442   1509
the use of computer science principles e g data structures numerical methods in generating optimization e g linear programming algorithms this includes issues of the khachian russian ellipsoidal algorithm and complexity of such algorithms--------------
   2968   1104   2900   2624   1069   2743   2442   2798   1495   1996   2677   2486   2142   2701   1722   1135   1612   2627   1924   2237   1296   2141   2026   2238   2490   1005   2613   1654   1636   1619   2239   1022   2328   2834   1321   1778   2553   2022   2814   2310   1330   2935   2549   1766   2695   1101   2763   1304   2422   1651   2290   2458   2508   2775   1831   1529   1113   2440   2306   2122   1280   2533   2578   2850   2861   3125   1872   2032   1674   2123   1236   2323   1434   2429   2186   2048   1410   2880   2735   2057   2752   3169   2539   1114   2394   1213   2189   2447   1903   2877   2077   2630   2411   1847   1295   3092   1418   1338   1605   2283
the role of information retrieval in knowledge based systems i e expert systems--------------
   2968   1996   2798   3125   1636   1280   2486   1924   2553   2578   2631   2442   2624   1066   2735   1495   2743   1735   1135   2677   1627   2402   2406   2905   3089   3169   2701   1951   1699   1831   1432   1844   1728   2237   1764   1296   3141   3056   2700   2840   2026   2238   1005   1886   2613   1236   3028   2814   2705   2328   3136   2657   1725   2935   2422   3059   1022   1101   1104   2458   2048   1321   1778   3144   2311   2394   2900   2022   2508   1652   1766   2775   2440   2536   1676   1415   1330   1872   2549   2239   1890   1434   2714   2763   1295   2490   3072   1674   2123   1721   1304   2646   1113   2752   1344   2429   2533   1388   2539   1937
parallel processors in information retrieval--------------
   2714   3156   3075   1811   1457   2288   2114   2570   1699   1680   3134   1681   2278   2175   2497   2990   2516   1032   3012   1830   2967   2631   1927   2140   2307   2070   2882   2519   1937   1514   1359   3169   1846   3168   2976   2711   1935   1262   1236   2561   2947   1747   2160   2973   2846   1725   1652   1675   1959   1601   2532   2455   1665   1831   2865   2484   1627   2266   2781   2700   2685   2785   2530   2623   2722   3059   1158   1988   1976   2139   2141   1527   2896   2412   2401   2832   1711   2795   2965   1194   2493   2195   1456   2451   2895   2258   1825   1700   2575   2342   1409   1302   1569   2664   1828   2723   2092   2050   1795   2987
parallel processors and paging algorithms--------------
   3075   3156   2714   2570   1811   2973   3006   2266   1752   2497   2175   2557   2450   1810   2289   3153   2128   2022   2365   2433   1924   1964   3152   1262   2723   2277   1601   2700   2685   2740   2085   1884   1158   2114   1665   2669   2838   2863   2692   2579   2785   2373   2872   2297   2401   1988   2498   1302   2522   3059   2914   1728   1825   1468   2896   1795   2068   1923   2069   2667   2342   2895   1828   2195   2017   2851   2881   1957   1569   2664   2137   2016   2865   2950   2884   1753   1684   1846   1747   2645   2283   2226   2903   3166   1658   2182   2262   2526   2668   3088   1796   2627   2819   3097   2146   2166   1873   3078   1551   2490
modelling and simulation in agricultural ecosystems--------------
   2721   2749   1928   1870   1890   2767   3070   3048   2742   2970   1637   1030   1366   2798   1912   1695   2914   2062   3051   2344   2936   1427   2902   2261   1752   3064   1680   1805   2725   1812   1572   1207   1261   3061   2549   1208   2951   1435   2218   2829   1329   2057   2911   2882   2542   2262   1811   1199   3107   1165   2077   1288   1253   1846   2375   1894   1856   1716   2918   1933   2272   1166   1653   2349   1426   1518   2686   2276   2734   1711   2535   2967   1541   1674   2844   1728   2890   2233   2862   2955   2105   3042   1591   1845   2628   2106   2859   2682   1380   2652   1517   2188   1484   2931   2435   2569   2452   2396   2091   1234
mathematical induction group theory integers modulo m probability binomial coefficients binomial theorem homomorphism morphism transitivity relations relation matrix syracuse university 313 link hall syracuse n 13210--------------
   1186   2714   2096   2144   2231   3086   2038   2031   2466   2884   2554   3037   2045   2953   2370   1423   2846   2927   2973   2963   2695   3151   2997   3176   1510   3156   2986   1694   1321   1942   3075   3021   2834   1595   2177   1238   2722   1709   2416   2028   2189   2520   1638   2826   1076   1027   2289   2079   2149   2763   1082   1339   1525   3065   3085   2967   3141   2837   2072   2936   2909   2739   3163   1337   2942   2697   1679   2195   2759   1340   2752   3056   1219   2795   3164   2539   2677   1501   2784   1504   2388   2391   2430   3041   1586   1191   2415   2933   2956   2229   2790   2766   1403   2446   1124   1372   3096   2225   1283   2280
semantics of programming languages including abstract specifications of data types denotational semantics and proofs of correctness hoare a dijkstra e university of massachusetts amherst ma 01003--------------
   2743   2677   2237   1296   2026   2238   2411   1005   2613   1022   1321   1778   1104   2549   2022   2239   2763   2533   2442   2122   3186   1138   2394   1619   2057   1996   1418   2573   2814   1213   2578   2982   2328   1330   2295   1831   2290   2192   1338   2422   1304   1101   2935   2508   2553   1872   2123   2732   2429   2735   1903   1636   2861   2148   2077   2934   2048   2349   2539   1140   3185   2447   2941   2701   3039   2126   1471   1531   2486   3031   2624   2943   2558   2661   1769   2265   2705   1747   1397   2945   2173   3198   2775   2400   2900   1069   2968   3169   2470   1923   1792   1466   1922   1757   1947   1914   2331   2975   1863   2599
anything dealing with star height of regular languages or regular expressions or regular events--------------
   1896   1898   1993   1739   2650   2921   1355   2051   1665   2112   1906   2838   1453   3056   1846   1470   1259   1962   2078   3034   1886   1264   2476   1152   2398   1488   3138   2002   1035   3158   3198   3096   1999   1309   1519   2771   3196   3044   3171   1818   2439   1216   3113   1287   2500   2194   1988   1650   2931   1162   2994   1888   1469   1001   1413   2644   2998   2265   2711   2786   1977   1588   1379   2815   1975   1612   1554   2514   2175   2267   1589   1272   1084   1315   2900   1457   1197   3040   3129   1930   1523   1462   2484   2717   3110   3026   1402   2368   1235   2421   1700   1010   2486   1711   1677   1290   1307   1438   1154   2906
articles relation the algebraic theory of semigroups and monoids to the study of automata and regular languages--------------
   2327   2650   1678   2112   1896   1898   1993   2921   2931   1355   2323   2449   2346   1803   3189   2974   1923   1967   2476   2121   1840   2416   2290   2090   1253   1466   1739   1665   2258   1991   2192   1048   2558   1138   2166   2061   1453   2133   2661   1397   2134   1841   2932   2645   2051   2470   2580   1911   1211   2809   1102   1154   2779   2255   2504   1258   1887   2028   2672   1867   2782   2305   1806   1216   2986   1334   1948   2813   3203   1489   2704   1097   1660   1952   1153   1119   2663   1545   2830   2614   1121   3186   2660   2102   2432   2769   2658   1734   2648   1965   2574   1214   2120   1880   2814   2214   2906   1142   2844   1136
abstracts of articles j backus can programming be liberated from the von neumann style a functional style and its algebra of programs cacm 21 re millo r lipton a perlis letter to acm forum cacm 22 1979 629-630 backus j de millo r lipton r perlis a--------------
   3140   1914   3008   1246   1103   1733   2917   3197   1996   1715   2783   2349   2156   1636   3077   2298   1946   2183   1729   1965   1823   1017   1256   1041   1357   1375   2461   2503   2284   2564   2637   2761   1546   1479   2462   3019   3178   1734   1795   2635   2791   1899   1558   1777   1478   2235   2382   2549   1812   2190   2244   1822   2640   2243   1716   2293   1923   1291   2067   2241   2242   2008   2639   1813   1789   2636   1201   1559   2610   1718   2351   2234   2875   2508   1840   1994   1668   1418   1663   1791   2654   1669   1804   2694   2077   1800   1353   2260   1243   2762   2426   3123   2960   1917   3130   1717   2465   2467   1837   1921
algorithms or statistical packages for anova regression using least squares or generalized linear models system design capabilities statistical formula are of interest student s t test wilcoxon and sign tests multivariate and univariate components can be included--------------
   2418   1816   2993   1055   1398   2661   2822   2062   2373   3057   1012   2980   1152   1295   2145   2907   2998   1440   1445   1474   2258   1364   1435   2398   1534   2130   2585   1629   2729   3088   1264   2439   1517   2953   1674   1586   2223   1687   2088   1702   2564   2637   1437   2215   2743   2791   3025   1690   2382   2235   1799   1257   2670   1874   2678   1935   2801   1727   1304   2570   2966   2615   1946   2849   2225   1709   1340   2027   1916   1169   1097   1818   2604   1166   1161   1889   1107   2427   3046   1691   1763   3166   1637   3142   3024   2375   1589   3150   2583   3065   1707   1523   1697   2489   1274   1631   2399   2310   1676   2447
dictionary construction and accessing methods for fast retrieval of words or lexical items or morphologically related information hashing or indexing methods are usually applied to english spelling or natural language problems--------------
   2476   1264   3138   1519   2194   1888   1650   1152   2484   1700   1235   1488   1818   3056   1272   2711   3158   2771   3196   1413   1112   1259   1999   2078   1554   2994   2900   1287   1315   2486   1309   3113   2439   1402   2002   1035   3034   2500   2998   1930   1725   1462   1977   2753   1154   2846   1001   1216   1438   1456   3129   1886   2989   1197   2368   1162   1527   1711   1483   2398   1470   2267   1975   2572   1988   1589   1290   2931   2953   1630   2265   1087   1629   2421   1962   2978   1307   1408   2836   1145   3171   1677   3198   2153   2852   1457   2047   1523   2177   2076   2215   2815   2646   3046   2494   1359   2059   1856   2229   3002
hardware and software relating to database management systems database packages back end computers special associative hardware with microcomputers attached to disk heads or things like rap relational or network codasyl or hierarchical models systems like system r ims adabas total etc--------------
   2424   3056   2311   3026   1259   1844   3087   1152   1962   2967   3025   2002   2421   3158   3141   1572   2812   2771   3138   3024   3142   1261   1402   2298   2215   2644   1589   2300   1001   2817   3072   1264   2398   1590   2849   2815   1774   1929   1410   2971   1462   2917   2627   2486   2988   2016   2570   2718   2899   1747   1519   3164   2953   1165   2494   2882   2852   1456   2846   1930   2947   2786   2500   3008   2201   2188   2059   1315   1711   3136   1677   1309   1518   2318   1605   1734   1996   1856   1326   2989   2517   1750   3131   2194   1835   1168   1401   2491   1117   2951   3099   1359   2900   1805   1432   2876   1931   2229   3090   1923
information retrieval articles by gerard salton or others about clustering bibliographic coupling use of citations or co-citations the vector space model boolean search methods using inverted files feedback etc salton g--------------
   2711   1457   2307   1236   1287   3129   1413   2486   2900   2990   2451   1927   2177   1438   1309   1677   1700   2484   2815   1488   1035   2835   1255   1976   2047   2978   2265   1674   2695   2517   1651   2969   1594   2476   2986   2680   3158   2906   1426   3138   1519   2078   1166   2627   1257   1725   1235   2753   2771   1259   3072   2846   1402   2494   2998   3113   2194   1886   2994   1916   3056   1888   1207   1504   1554   1264   2157   1881   1152   1999   1711   2665   2114   3134   1527   1650   1818   1871   3002   1272   1977   2439   2968   2500   2688   2310   2646   1290   2196   3196   1699   2140   2794   2002   2722   3033   1962   1359   2631   2858
results relating parallel complexity theory both for pram s and uniform circuits--------------
   1368   1961   2200   1856   2342   1911   2255   2266   2401   2121   1725   1567   2672   1932   2809   2077   2560   1727   1874   1111   1595   1888   2712   3175   2305   2134   2285   2648   1946   1925   2714   2430   1429   1536   1398   3157   2837   2932   3195   2196   2515   1533   2702   2164   2720   2997   3096   2327   1563   1866   2261   3098   1720   1143   2769   2703   2806   2009   2212   2896   3122   2351   2935   1941   2368   2465   2953   1622   2243   2418   2962   1778   1848   2098   2241   2242   2431   2434   1504   1164   1986   3041   1199   1013   2664   2220   2685   3163   3046   1589   2132   1957   2136   2936   2931   2740   3024   2631   2861   2209
algorithms for parallel computation and especially comparisons between parallel and sequential algorithms--------------
   2973   2266   3075   2289   3156   2557   2570   2700   2433   2714   2785   1262   1795   1601   2896   2685   2884   1158   3059   2114   2342   2838   2692   2895   2851   2195   2401   1302   3061   1468   3166   1846   1828   2283   2175   2767   1957   2898   1569   2490   2337   1536   2630   2865   2324   2950   3131   1747   2263   2325   2226   1658   2740   2903   2182   2402   1411   2627   2819   3132   1796   3073   3086   1171   2146   1873   1551   2679   3044   1008   1924   2514   1554   2727   2997   1529   3124   2932   2030   2306   2674   1341   2080   2902   2276   2837   2273   2904   2007   1660   1952   2272   3006   1342   3175   2267   3151   2135   2483   1374
list all articles on el1 and ecl el1 may be given as el 1 i don t remember how they did it--------------
   3057   2729   1012   2971   2177   2993   1588   2651   2801   1166   3088   1931   3059   1890   2905   1974   1727   1530   2145   1373   2392   2661   2031   2897   2395   2845   1676   2657   1933   1440   1435   3028   2375   2051   2907   2534   2916   2666   1519   2399   3072   1824   2956   3020   1301   2219   1674   2449   1569   2713   1409   2402   2786   2968   3056   1165   1895   2762   2700   2398   2966   1350   2820   1343   1473   1057   1351   2572   1717   3172   1582   2390   2744   2418   1378   2100   1371   1574   1575   1364   2381   2448   2373   1702   1407   1579   1450   1847   1584   3142   2756   1732   1437   1161   2915   2473   3115   1580   1585   2199